adrs,front,accuracy_model,accuracy_hyperparams,latency_model,latency_hyperparams,memory_model,memory_hyperparams,mse,mape
0.36582447673395097,"[3, 5, 8, 9, 11, 12, 13, 15, 17, 18, 19, 27, 29, 31, 33, 35, 36, 38, 39, 40, 43, 44, 48, 53, 54, 55, 56, 59, 62, 63, 66, 70, 72, 74, 75, 76, 79, 80, 81, 89, 92, 93, 95, 96, 99, 101, 104, 105, 106, 108, 115, 117, 119, 121, 123, 124, 125, 128, 129, 131, 132, 133, 135, 136]",XGB,n=100_depth=256,GB,loss=squared_error_lr=0.1_n=10,GB,loss=huber_lr=0.001_n=1000,37538859.26142025,0.004968762062017308
0.36582447673395097,"[3, 5, 8, 9, 11, 12, 13, 15, 17, 18, 19, 27, 29, 31, 33, 35, 36, 38, 39, 40, 43, 44, 48, 53, 54, 55, 56, 59, 62, 63, 66, 70, 72, 74, 75, 76, 79, 80, 81, 89, 92, 93, 95, 96, 99, 101, 104, 105, 106, 108, 115, 117, 119, 121, 123, 124, 125, 128, 129, 131, 132, 133, 135, 136]",XGB,n=100_depth=32,GB,loss=squared_error_lr=0.1_n=10,GB,loss=huber_lr=0.001_n=1000,37538859.26142025,0.004968762062017308
0.36582447673395097,"[3, 5, 8, 9, 11, 12, 13, 15, 17, 18, 19, 27, 29, 31, 33, 35, 36, 38, 39, 40, 43, 44, 48, 53, 54, 55, 56, 59, 62, 63, 66, 70, 72, 74, 75, 76, 79, 80, 81, 89, 92, 93, 95, 96, 99, 101, 104, 105, 106, 108, 115, 117, 119, 121, 123, 124, 125, 128, 129, 131, 132, 133, 135, 136]",XGB,n=1000_depth=32,GB,loss=squared_error_lr=0.1_n=10,GB,loss=huber_lr=0.001_n=1000,37538859.26142025,0.004968762062017308
0.36582447673395097,"[3, 5, 8, 9, 11, 12, 13, 15, 17, 18, 19, 27, 29, 31, 33, 35, 36, 38, 39, 40, 43, 44, 48, 53, 54, 55, 56, 59, 62, 63, 66, 70, 72, 74, 75, 76, 79, 80, 81, 89, 92, 93, 95, 96, 99, 101, 104, 105, 106, 108, 115, 117, 119, 121, 123, 124, 125, 128, 129, 131, 132, 133, 135, 136]",XGB,n=1000_depth=256,GB,loss=squared_error_lr=0.1_n=10,GB,loss=huber_lr=0.001_n=1000,37538859.26142025,0.004968762062017308
0.36582447673395097,"[3, 5, 8, 9, 11, 12, 13, 15, 17, 18, 19, 27, 29, 31, 33, 35, 36, 38, 39, 40, 43, 44, 48, 53, 54, 55, 56, 59, 62, 63, 64, 66, 70, 72, 74, 75, 76, 79, 80, 81, 89, 92, 93, 95, 96, 99, 101, 104, 105, 106, 108, 115, 117, 119, 121, 123, 124, 125, 128, 129, 131, 132, 133, 135, 136]",XGB,n=100_depth=256,GB,loss=squared_error_lr=0.1_n=10,GB,loss=huber_lr=0.1_n=10,37270489.231421396,0.004969574465461918
0.36582447673395097,"[3, 5, 8, 9, 11, 12, 13, 15, 17, 18, 19, 27, 29, 31, 33, 35, 36, 38, 39, 40, 43, 44, 48, 53, 54, 55, 56, 59, 62, 63, 64, 66, 70, 72, 74, 75, 76, 79, 80, 81, 89, 92, 93, 95, 96, 99, 101, 104, 105, 106, 108, 115, 117, 119, 121, 123, 124, 125, 128, 129, 131, 132, 133, 135, 136]",XGB,n=100_depth=32,GB,loss=squared_error_lr=0.1_n=10,GB,loss=huber_lr=0.1_n=10,37270489.231421396,0.004969574465461918
0.36582447673395097,"[3, 5, 8, 9, 11, 12, 13, 15, 17, 18, 19, 27, 29, 31, 33, 35, 36, 38, 39, 40, 43, 44, 48, 53, 54, 55, 56, 59, 62, 63, 64, 66, 70, 72, 74, 75, 76, 79, 80, 81, 89, 92, 93, 95, 96, 99, 101, 104, 105, 106, 108, 115, 117, 119, 121, 123, 124, 125, 128, 129, 131, 132, 133, 135, 136]",XGB,n=1000_depth=32,GB,loss=squared_error_lr=0.1_n=10,GB,loss=huber_lr=0.1_n=10,37270489.231421396,0.004969574465461918
0.36582447673395097,"[3, 5, 8, 9, 11, 12, 13, 15, 17, 18, 19, 27, 29, 31, 33, 35, 36, 38, 39, 40, 43, 44, 48, 53, 54, 55, 56, 59, 62, 63, 64, 66, 70, 72, 74, 75, 76, 79, 80, 81, 89, 92, 93, 95, 96, 99, 101, 104, 105, 106, 108, 115, 117, 119, 121, 123, 124, 125, 128, 129, 131, 132, 133, 135, 136]",XGB,n=1000_depth=256,GB,loss=squared_error_lr=0.1_n=10,GB,loss=huber_lr=0.1_n=10,37270489.231421396,0.004969574465461918
0.366667543241577,"[3, 5, 9, 11, 12, 15, 17, 18, 19, 27, 29, 33, 35, 36, 38, 39, 43, 44, 48, 62, 63, 66, 72, 74, 75, 79, 81, 89, 92, 93, 99, 105, 106, 108, 117, 119, 121, 123, 124, 128, 129, 131, 133, 135]",RF,n=10_depth=None,GB,loss=squared_error_lr=0.1_n=10,GB,loss=huber_lr=0.001_n=1000,37538859.261402026,0.004595285897178845
0.366667543241577,"[3, 5, 9, 11, 12, 15, 17, 18, 19, 27, 29, 33, 35, 36, 38, 39, 43, 44, 48, 55, 62, 63, 64, 66, 72, 74, 75, 79, 81, 89, 92, 93, 99, 105, 106, 108, 117, 119, 121, 123, 124, 128, 129, 131, 133, 135, 136]",RF,n=10_depth=None,GB,loss=squared_error_lr=0.1_n=10,GB,loss=huber_lr=0.1_n=10,37270489.23140317,0.0045960983006234565
0.37535051616359266,"[9, 11, 13, 17, 19, 27, 29, 35, 36, 38, 39, 62, 70, 79, 89, 92, 95, 99, 101, 115, 119, 124, 129, 131, 135, 136]",XGB,n=100_depth=256,GB,loss=huber_lr=0.1_n=1000,GB,loss=huber_lr=0.1_n=1000,39292618.51875673,0.004862958843912948
0.37535051616359266,"[9, 11, 13, 17, 19, 27, 29, 35, 36, 38, 39, 62, 70, 79, 89, 92, 95, 99, 101, 115, 119, 124, 129, 131, 135, 136]",XGB,n=100_depth=32,GB,loss=huber_lr=0.1_n=1000,GB,loss=huber_lr=0.1_n=1000,39292618.51875673,0.004862958843912948
0.37535051616359266,"[9, 11, 13, 17, 19, 27, 29, 35, 36, 38, 39, 62, 70, 79, 89, 92, 95, 99, 101, 115, 119, 124, 129, 131, 135, 136]",XGB,n=1000_depth=32,GB,loss=huber_lr=0.1_n=1000,GB,loss=huber_lr=0.1_n=1000,39292618.51875673,0.004862958843912948
0.37535051616359266,"[9, 11, 13, 17, 19, 27, 29, 35, 36, 38, 39, 62, 70, 79, 89, 92, 95, 99, 101, 115, 119, 124, 129, 131, 135, 136]",XGB,n=1000_depth=256,GB,loss=huber_lr=0.1_n=1000,GB,loss=huber_lr=0.1_n=1000,39292618.51875673,0.004862958843912948
0.3757478583754517,"[9, 17, 18, 19, 27, 29, 35, 36, 38, 39, 43, 44, 62, 63, 79, 81, 89, 92, 99, 106, 108, 119, 129, 131, 135, 136]",RF,n=10_depth=None,GB,loss=huber_lr=0.1_n=1000,GB,loss=huber_lr=0.1_n=100,39393100.37711905,0.004481008949589469
0.3783132918997743,"[9, 11, 13, 17, 19, 27, 35, 36, 39, 59, 62, 63, 70, 79, 89, 92, 95, 99, 101, 115, 119, 124, 129, 131, 135, 136]",XGB,n=100_depth=256,GB,loss=huber_lr=0.1_n=100,GB,loss=huber_lr=0.1_n=1000,39292618.51875671,0.004877864633374627
0.3783132918997743,"[9, 11, 13, 17, 19, 27, 35, 36, 39, 59, 62, 63, 70, 79, 89, 92, 95, 99, 101, 115, 119, 124, 129, 131, 135, 136]",XGB,n=100_depth=32,GB,loss=huber_lr=0.1_n=100,GB,loss=huber_lr=0.1_n=1000,39292618.51875671,0.004877864633374627
0.3783132918997743,"[9, 11, 13, 17, 19, 27, 35, 36, 39, 59, 62, 63, 70, 79, 89, 92, 95, 99, 101, 115, 119, 124, 129, 131, 135, 136]",XGB,n=1000_depth=32,GB,loss=huber_lr=0.1_n=100,GB,loss=huber_lr=0.1_n=1000,39292618.51875671,0.004877864633374627
0.3783132918997743,"[9, 11, 13, 17, 19, 27, 35, 36, 39, 59, 62, 63, 70, 79, 89, 92, 95, 99, 101, 115, 119, 124, 129, 131, 135, 136]",XGB,n=1000_depth=256,GB,loss=huber_lr=0.1_n=100,GB,loss=huber_lr=0.1_n=1000,39292618.51875671,0.004877864633374627
0.3783644854307015,"[9, 17, 19, 27, 29, 35, 36, 38, 39, 44, 62, 63, 79, 89, 92, 99, 106, 108, 119, 124, 129, 131, 135, 136]",RF,n=10_depth=None,GB,loss=huber_lr=0.1_n=1000,GB,loss=huber_lr=0.1_n=1000,39292618.5187385,0.004489482679074485
0.3789871013226032,"[9, 11, 17, 18, 19, 27, 29, 35, 36, 39, 43, 44, 62, 63, 79, 81, 89, 92, 99, 106, 108, 119, 124, 129, 131, 135, 136]",RF,n=10_depth=None,GB,loss=huber_lr=0.1_n=100,GB,loss=huber_lr=0.1_n=100,39393100.377119035,0.004495914739051149
0.3789871013226032,"[9, 11, 17, 18, 19, 27, 29, 35, 36, 39, 43, 44, 62, 63, 79, 81, 92, 99, 106, 108, 119, 124, 129, 131, 135, 136]",RF,n=10_depth=None,GB,loss=squared_error_lr=0.1_n=100,GB,loss=huber_lr=0.1_n=100,39393100.37711904,0.004555836924726372
0.3803352925009939,"[9, 11, 17, 29, 35, 36, 38, 44, 55, 63, 64, 75, 92, 99, 106, 124, 129, 131, 135, 136]",RF,n=10_depth=None,GB,loss=squared_error_lr=0.1_n=100,GB,loss=quantile_lr=0.1_n=1000,53155932.68282126,0.004657994332257375
0.38050746786399403,"[9, 11, 17, 33, 35, 36, 38, 39, 44, 55, 63, 64, 75, 92, 99, 101, 106, 124, 131, 135, 136]",XGB,n=100_depth=256,GB,loss=squared_error_lr=0.1_n=100,GB,loss=quantile_lr=0.1_n=1000,53155932.68283948,0.005031470497095836
0.38050746786399403,"[9, 11, 17, 33, 35, 36, 38, 39, 44, 55, 63, 64, 75, 92, 99, 101, 106, 124, 131, 135, 136]",XGB,n=100_depth=32,GB,loss=squared_error_lr=0.1_n=100,GB,loss=quantile_lr=0.1_n=1000,53155932.68283948,0.005031470497095836
0.38050746786399403,"[9, 11, 17, 33, 35, 36, 38, 39, 44, 55, 63, 64, 75, 92, 99, 101, 106, 124, 131, 135, 136]",XGB,n=1000_depth=32,GB,loss=squared_error_lr=0.1_n=100,GB,loss=quantile_lr=0.1_n=1000,53155932.68283948,0.005031470497095836
0.38050746786399403,"[9, 11, 17, 33, 35, 36, 38, 39, 44, 55, 63, 64, 75, 92, 99, 101, 106, 124, 131, 135, 136]",XGB,n=1000_depth=256,GB,loss=squared_error_lr=0.1_n=100,GB,loss=quantile_lr=0.1_n=1000,53155932.68283948,0.005031470497095836
0.38094843498965375,"[9, 17, 29, 35, 36, 38, 44, 55, 63, 72, 75, 92, 99, 106, 124, 129, 131, 133, 135, 136]",RF,n=10_depth=None,GB,loss=huber_lr=0.1_n=1000,GB,loss=quantile_lr=0.1_n=1000,53155932.68282127,0.004583166357120473
0.38094843498965375,"[9, 17, 29, 35, 36, 38, 44, 55, 63, 72, 75, 92, 99, 106, 124, 129, 131, 133, 135, 136]",RF,n=10_depth=None,GB,loss=huber_lr=0.1_n=100,GB,loss=quantile_lr=0.1_n=1000,53155932.68282125,0.004598072146582153
0.3811206103526539,"[9, 17, 29, 33, 35, 36, 38, 39, 44, 55, 72, 75, 92, 99, 101, 106, 124, 131, 133, 135, 136]",XGB,n=100_depth=256,GB,loss=huber_lr=0.1_n=1000,GB,loss=quantile_lr=0.1_n=1000,53155932.6828395,0.004956642521958935
0.3811206103526539,"[9, 17, 29, 33, 35, 36, 38, 39, 44, 55, 72, 75, 92, 99, 101, 106, 124, 131, 133, 135, 136]",XGB,n=100_depth=32,GB,loss=huber_lr=0.1_n=1000,GB,loss=quantile_lr=0.1_n=1000,53155932.6828395,0.004956642521958935
0.3811206103526539,"[9, 17, 29, 33, 35, 36, 38, 39, 44, 55, 72, 75, 92, 99, 101, 106, 124, 131, 133, 135, 136]",XGB,n=1000_depth=32,GB,loss=huber_lr=0.1_n=1000,GB,loss=quantile_lr=0.1_n=1000,53155932.6828395,0.004956642521958935
0.3811206103526539,"[9, 17, 29, 33, 35, 36, 38, 39, 44, 55, 72, 75, 92, 99, 101, 106, 124, 131, 133, 135, 136]",XGB,n=1000_depth=256,GB,loss=huber_lr=0.1_n=1000,GB,loss=quantile_lr=0.1_n=1000,53155932.6828395,0.004956642521958935
0.3811206103526539,"[9, 17, 33, 35, 36, 38, 39, 44, 55, 63, 72, 75, 92, 99, 101, 106, 124, 131, 133, 135, 136]",XGB,n=100_depth=256,GB,loss=huber_lr=0.1_n=100,GB,loss=quantile_lr=0.1_n=1000,53155932.682839476,0.004971548311420614
0.3811206103526539,"[9, 17, 33, 35, 36, 38, 39, 44, 55, 63, 72, 75, 92, 99, 101, 106, 124, 131, 133, 135, 136]",XGB,n=100_depth=32,GB,loss=huber_lr=0.1_n=100,GB,loss=quantile_lr=0.1_n=1000,53155932.682839476,0.004971548311420614
0.3811206103526539,"[9, 17, 33, 35, 36, 38, 39, 44, 55, 63, 72, 75, 92, 99, 101, 106, 124, 131, 133, 135, 136]",XGB,n=1000_depth=32,GB,loss=huber_lr=0.1_n=100,GB,loss=quantile_lr=0.1_n=1000,53155932.682839476,0.004971548311420614
0.3811206103526539,"[9, 17, 33, 35, 36, 38, 39, 44, 55, 63, 72, 75, 92, 99, 101, 106, 124, 131, 133, 135, 136]",XGB,n=1000_depth=256,GB,loss=huber_lr=0.1_n=100,GB,loss=quantile_lr=0.1_n=1000,53155932.682839476,0.004971548311420614
0.38177730833751566,"[9, 11, 17, 19, 27, 29, 35, 36, 39, 44, 62, 63, 79, 89, 92, 99, 106, 108, 119, 124, 129, 131, 135, 136]",RF,n=10_depth=None,GB,loss=huber_lr=0.1_n=100,GB,loss=huber_lr=0.1_n=1000,39292618.518738486,0.004504388468536165
0.38177730833751566,"[9, 11, 17, 19, 27, 29, 35, 36, 39, 44, 62, 63, 79, 92, 99, 106, 108, 119, 124, 129, 131, 135, 136]",RF,n=10_depth=None,GB,loss=squared_error_lr=0.1_n=100,GB,loss=huber_lr=0.1_n=1000,39292618.51873849,0.0045643106542113876
0.3820938957183508,"[3, 9, 11, 12, 15, 17, 19, 27, 29, 35, 36, 38, 39, 44, 48, 62, 63, 66, 72, 74, 79, 89, 105, 106, 108, 119, 121, 124, 129, 131, 135]",RF,n=10_depth=None,GB,loss=huber_lr=0.001_n=1000,GB,loss=huber_lr=0.001_n=1000,37538859.26140204,0.0045914108456946694
0.3820938957183508,"[3, 9, 11, 12, 15, 17, 19, 27, 29, 35, 36, 38, 39, 44, 48, 55, 62, 63, 64, 66, 72, 74, 79, 89, 105, 106, 108, 119, 121, 124, 129, 131, 135, 136]",RF,n=10_depth=None,GB,loss=huber_lr=0.001_n=1000,GB,loss=huber_lr=0.1_n=10,37270489.23140319,0.00459222324913928
0.3825383565846611,"[3, 8, 9, 11, 12, 13, 15, 19, 27, 35, 36, 38, 39, 40, 55, 59, 62, 63, 66, 70, 72, 74, 79, 80, 89, 95, 101, 104, 105, 106, 108, 115, 119, 121, 124, 129, 131, 135, 136]",XGB,n=100_depth=256,GB,loss=huber_lr=0.001_n=1000,GB,loss=huber_lr=0.001_n=1000,37538859.26142027,0.004964887010533132
0.3825383565846611,"[3, 8, 9, 11, 12, 13, 15, 19, 27, 35, 36, 38, 39, 40, 55, 59, 62, 63, 66, 70, 72, 74, 79, 80, 89, 95, 101, 104, 105, 106, 108, 115, 119, 121, 124, 129, 131, 135, 136]",XGB,n=100_depth=32,GB,loss=huber_lr=0.001_n=1000,GB,loss=huber_lr=0.001_n=1000,37538859.26142027,0.004964887010533132
0.3825383565846611,"[3, 8, 9, 11, 12, 13, 15, 19, 27, 35, 36, 38, 39, 40, 55, 59, 62, 63, 66, 70, 72, 74, 79, 80, 89, 95, 101, 104, 105, 106, 108, 115, 119, 121, 124, 129, 131, 135, 136]",XGB,n=1000_depth=32,GB,loss=huber_lr=0.001_n=1000,GB,loss=huber_lr=0.001_n=1000,37538859.26142027,0.004964887010533132
0.3825383565846611,"[3, 8, 9, 11, 12, 13, 15, 19, 27, 35, 36, 38, 39, 40, 55, 59, 62, 63, 66, 70, 72, 74, 79, 80, 89, 95, 101, 104, 105, 106, 108, 115, 119, 121, 124, 129, 131, 135, 136]",XGB,n=1000_depth=256,GB,loss=huber_lr=0.001_n=1000,GB,loss=huber_lr=0.001_n=1000,37538859.26142027,0.004964887010533132
0.3825383565846611,"[3, 8, 9, 11, 12, 13, 15, 19, 27, 35, 36, 38, 39, 40, 55, 59, 62, 63, 64, 66, 70, 72, 74, 79, 80, 89, 95, 101, 104, 105, 106, 108, 115, 119, 121, 124, 129, 131, 135, 136]",XGB,n=100_depth=256,GB,loss=huber_lr=0.001_n=1000,GB,loss=huber_lr=0.1_n=10,37270489.23142142,0.004965699413977743
0.3825383565846611,"[3, 8, 9, 11, 12, 13, 15, 19, 27, 35, 36, 38, 39, 40, 55, 59, 62, 63, 64, 66, 70, 72, 74, 79, 80, 89, 95, 101, 104, 105, 106, 108, 115, 119, 121, 124, 129, 131, 135, 136]",XGB,n=100_depth=32,GB,loss=huber_lr=0.001_n=1000,GB,loss=huber_lr=0.1_n=10,37270489.23142142,0.004965699413977743
0.3825383565846611,"[3, 8, 9, 11, 12, 13, 15, 19, 27, 35, 36, 38, 39, 40, 55, 59, 62, 63, 64, 66, 70, 72, 74, 79, 80, 89, 95, 101, 104, 105, 106, 108, 115, 119, 121, 124, 129, 131, 135, 136]",XGB,n=1000_depth=32,GB,loss=huber_lr=0.001_n=1000,GB,loss=huber_lr=0.1_n=10,37270489.23142142,0.004965699413977743
0.3825383565846611,"[3, 8, 9, 11, 12, 13, 15, 19, 27, 35, 36, 38, 39, 40, 55, 59, 62, 63, 64, 66, 70, 72, 74, 79, 80, 89, 95, 101, 104, 105, 106, 108, 115, 119, 121, 124, 129, 131, 135, 136]",XGB,n=1000_depth=256,GB,loss=huber_lr=0.001_n=1000,GB,loss=huber_lr=0.1_n=10,37270489.23142142,0.004965699413977743
0.3979344346493245,"[8, 9, 13, 17, 19, 27, 29, 35, 36, 38, 39, 43, 59, 62, 70, 79, 81, 89, 92, 101, 106, 115, 119, 124, 129, 131, 135, 136]",XGB,n=100_depth=256,GB,loss=huber_lr=0.1_n=1000,GB,loss=huber_lr=0.1_n=100,39393100.37713728,0.004854485114427932
0.3979344346493245,"[8, 9, 13, 17, 19, 27, 29, 35, 36, 38, 39, 43, 59, 62, 70, 79, 81, 89, 92, 101, 106, 115, 119, 124, 129, 131, 135, 136]",XGB,n=100_depth=32,GB,loss=huber_lr=0.1_n=1000,GB,loss=huber_lr=0.1_n=100,39393100.37713728,0.004854485114427932
0.3979344346493245,"[8, 9, 13, 17, 19, 27, 29, 35, 36, 38, 39, 43, 59, 62, 70, 79, 81, 89, 92, 101, 106, 115, 119, 124, 129, 131, 135, 136]",XGB,n=1000_depth=32,GB,loss=huber_lr=0.1_n=1000,GB,loss=huber_lr=0.1_n=100,39393100.37713728,0.004854485114427932
0.3979344346493245,"[8, 9, 13, 17, 19, 27, 29, 35, 36, 38, 39, 43, 59, 62, 70, 79, 81, 89, 92, 101, 106, 115, 119, 124, 129, 131, 135, 136]",XGB,n=1000_depth=256,GB,loss=huber_lr=0.1_n=1000,GB,loss=huber_lr=0.1_n=100,39393100.37713728,0.004854485114427932
0.400481149663303,"[8, 9, 11, 13, 17, 19, 27, 29, 35, 36, 39, 43, 59, 62, 63, 70, 79, 89, 92, 101, 106, 115, 119, 124, 129, 131, 135, 136]",XGB,n=100_depth=256,GB,loss=huber_lr=0.1_n=100,GB,loss=huber_lr=0.1_n=100,39393100.37713726,0.004869390903889611
0.400481149663303,"[8, 9, 11, 13, 17, 19, 27, 29, 35, 36, 39, 43, 59, 62, 63, 70, 79, 89, 92, 101, 106, 115, 119, 124, 129, 131, 135, 136]",XGB,n=100_depth=32,GB,loss=huber_lr=0.1_n=100,GB,loss=huber_lr=0.1_n=100,39393100.37713726,0.004869390903889611
0.400481149663303,"[8, 9, 11, 13, 17, 19, 27, 29, 35, 36, 39, 43, 59, 62, 63, 70, 79, 89, 92, 101, 106, 115, 119, 124, 129, 131, 135, 136]",XGB,n=1000_depth=32,GB,loss=huber_lr=0.1_n=100,GB,loss=huber_lr=0.1_n=100,39393100.37713726,0.004869390903889611
0.400481149663303,"[8, 9, 11, 13, 17, 19, 27, 29, 35, 36, 39, 43, 59, 62, 63, 70, 79, 89, 92, 101, 106, 115, 119, 124, 129, 131, 135, 136]",XGB,n=1000_depth=256,GB,loss=huber_lr=0.1_n=100,GB,loss=huber_lr=0.1_n=100,39393100.37713726,0.004869390903889611
0.4011736775964759,"[8, 9, 11, 13, 17, 19, 27, 29, 35, 36, 39, 43, 59, 62, 63, 70, 79, 81, 92, 101, 106, 119, 124, 129, 131, 135, 136]",XGB,n=100_depth=256,GB,loss=squared_error_lr=0.1_n=100,GB,loss=huber_lr=0.1_n=100,39393100.377137266,0.004929313089564833
0.4011736775964759,"[8, 9, 11, 13, 17, 19, 27, 29, 35, 36, 39, 43, 59, 62, 63, 70, 79, 81, 92, 101, 106, 119, 124, 129, 131, 135, 136]",XGB,n=100_depth=32,GB,loss=squared_error_lr=0.1_n=100,GB,loss=huber_lr=0.1_n=100,39393100.377137266,0.004929313089564833
0.4011736775964759,"[8, 9, 11, 13, 17, 19, 27, 29, 35, 36, 39, 43, 59, 62, 63, 70, 79, 81, 92, 101, 106, 119, 124, 129, 131, 135, 136]",XGB,n=1000_depth=32,GB,loss=squared_error_lr=0.1_n=100,GB,loss=huber_lr=0.1_n=100,39393100.377137266,0.004929313089564833
0.4011736775964759,"[8, 9, 11, 13, 17, 19, 27, 29, 35, 36, 39, 43, 59, 62, 63, 70, 79, 81, 92, 101, 106, 119, 124, 129, 131, 135, 136]",XGB,n=1000_depth=256,GB,loss=squared_error_lr=0.1_n=100,GB,loss=huber_lr=0.1_n=100,39393100.377137266,0.004929313089564833
0.40232628752892124,"[9, 17, 18, 19, 29, 36, 44, 62, 63, 66, 79, 92, 106, 108, 119, 124, 129, 131]",RF,n=10_depth=None,GB,loss=huber_lr=0.001_n=1000,GB,loss=huber_lr=0.1_n=100,39393100.377119094,0.004593320981967289
0.40381534348628323,"[9, 17, 19, 29, 36, 44, 62, 63, 79, 92, 106, 108, 119, 124, 129, 131]",RF,n=10_depth=None,GB,loss=huber_lr=0.001_n=1000,GB,loss=huber_lr=0.1_n=1000,39292618.518738545,0.004601794711452305
0.4067050441674932,"[9, 17, 19, 29, 36, 44, 63, 79, 92, 106, 108, 119, 124, 129, 131]",RF,n=10_depth=None,GB,loss=squared_error_lr=0.1_n=10,GB,loss=huber_lr=0.1_n=1000,39292618.51873853,0.004605669762936481
0.428569715659337,"[8, 9, 15, 17, 27, 35, 36, 39, 81, 101, 106, 115, 129, 131, 135]",XGB,n=100_depth=256,GB,loss=huber_lr=0.1_n=1000,GB,loss=huber_lr=0.001_n=1000,37538859.26142023,0.004852574978155312
0.428569715659337,"[8, 9, 15, 17, 27, 35, 36, 39, 81, 101, 106, 115, 129, 131, 135]",XGB,n=100_depth=32,GB,loss=huber_lr=0.1_n=1000,GB,loss=huber_lr=0.001_n=1000,37538859.26142023,0.004852574978155312
0.428569715659337,"[8, 9, 15, 17, 27, 35, 36, 39, 81, 101, 106, 115, 129, 131, 135]",XGB,n=1000_depth=32,GB,loss=huber_lr=0.1_n=1000,GB,loss=huber_lr=0.001_n=1000,37538859.26142023,0.004852574978155312
0.428569715659337,"[8, 9, 15, 17, 27, 35, 36, 39, 81, 101, 106, 115, 129, 131, 135]",XGB,n=1000_depth=256,GB,loss=huber_lr=0.1_n=1000,GB,loss=huber_lr=0.001_n=1000,37538859.26142023,0.004852574978155312
0.4287418910223371,"[8, 9, 15, 17, 27, 35, 36, 39, 81, 101, 106, 115, 131, 135]",XGB,n=100_depth=256,GB,loss=huber_lr=0.1_n=1000,GB,loss=huber_lr=0.1_n=10,37270489.231421374,0.0048533873815999225
0.4287418910223371,"[8, 9, 15, 17, 27, 35, 36, 39, 81, 101, 106, 115, 131, 135]",XGB,n=100_depth=32,GB,loss=huber_lr=0.1_n=1000,GB,loss=huber_lr=0.1_n=10,37270489.231421374,0.0048533873815999225
0.4287418910223371,"[8, 9, 15, 17, 27, 35, 36, 39, 81, 101, 106, 115, 131, 135]",XGB,n=1000_depth=32,GB,loss=huber_lr=0.1_n=1000,GB,loss=huber_lr=0.1_n=10,37270489.231421374,0.0048533873815999225
0.4287418910223371,"[8, 9, 15, 17, 27, 35, 36, 39, 81, 101, 106, 115, 131, 135]",XGB,n=1000_depth=256,GB,loss=huber_lr=0.1_n=1000,GB,loss=huber_lr=0.1_n=10,37270489.231421374,0.0048533873815999225
0.43028471376958355,"[9, 11, 13, 17, 19, 27, 35, 36, 39, 62, 63, 70, 79, 92, 95, 101, 119, 124, 129, 131, 135, 136]",XGB,n=100_depth=256,GB,loss=squared_error_lr=0.1_n=100,GB,loss=huber_lr=0.1_n=1000,39292618.51875672,0.004937786819049849
0.43028471376958355,"[9, 11, 13, 17, 19, 27, 35, 36, 39, 62, 63, 70, 79, 92, 95, 101, 119, 124, 129, 131, 135, 136]",XGB,n=100_depth=32,GB,loss=squared_error_lr=0.1_n=100,GB,loss=huber_lr=0.1_n=1000,39292618.51875672,0.004937786819049849
0.43028471376958355,"[9, 11, 13, 17, 19, 27, 35, 36, 39, 62, 63, 70, 79, 92, 95, 101, 119, 124, 129, 131, 135, 136]",XGB,n=1000_depth=32,GB,loss=squared_error_lr=0.1_n=100,GB,loss=huber_lr=0.1_n=1000,39292618.51875672,0.004937786819049849
0.43028471376958355,"[9, 11, 13, 17, 19, 27, 35, 36, 39, 62, 63, 70, 79, 92, 95, 101, 119, 124, 129, 131, 135, 136]",XGB,n=1000_depth=256,GB,loss=squared_error_lr=0.1_n=100,GB,loss=huber_lr=0.1_n=1000,39292618.51875672,0.004937786819049849
0.43033072299481157,"[8, 9, 17, 27, 35, 36, 39, 63, 101, 106, 115, 129, 131, 135, 136]",XGB,n=100_depth=256,GB,loss=huber_lr=0.1_n=100,GB,loss=huber_lr=0.001_n=1000,37538859.261420205,0.004867480767616991
0.43033072299481157,"[8, 9, 17, 27, 35, 36, 39, 63, 101, 106, 115, 129, 131, 135, 136]",XGB,n=100_depth=32,GB,loss=huber_lr=0.1_n=100,GB,loss=huber_lr=0.001_n=1000,37538859.261420205,0.004867480767616991
0.43033072299481157,"[8, 9, 17, 27, 35, 36, 39, 63, 101, 106, 115, 129, 131, 135, 136]",XGB,n=1000_depth=32,GB,loss=huber_lr=0.1_n=100,GB,loss=huber_lr=0.001_n=1000,37538859.261420205,0.004867480767616991
0.43033072299481157,"[8, 9, 17, 27, 35, 36, 39, 63, 101, 106, 115, 129, 131, 135, 136]",XGB,n=1000_depth=256,GB,loss=huber_lr=0.1_n=100,GB,loss=huber_lr=0.001_n=1000,37538859.261420205,0.004867480767616991
0.4305028983578117,"[8, 9, 17, 27, 35, 36, 39, 63, 101, 106, 115, 131, 135, 136]",XGB,n=100_depth=256,GB,loss=huber_lr=0.1_n=100,GB,loss=huber_lr=0.1_n=10,37270489.23142135,0.004868293171061602
0.4305028983578117,"[8, 9, 17, 27, 35, 36, 39, 63, 101, 106, 115, 131, 135, 136]",XGB,n=100_depth=32,GB,loss=huber_lr=0.1_n=100,GB,loss=huber_lr=0.1_n=10,37270489.23142135,0.004868293171061602
0.4305028983578117,"[8, 9, 17, 27, 35, 36, 39, 63, 101, 106, 115, 131, 135, 136]",XGB,n=1000_depth=32,GB,loss=huber_lr=0.1_n=100,GB,loss=huber_lr=0.1_n=10,37270489.23142135,0.004868293171061602
0.4305028983578117,"[8, 9, 17, 27, 35, 36, 39, 63, 101, 106, 115, 131, 135, 136]",XGB,n=1000_depth=256,GB,loss=huber_lr=0.1_n=100,GB,loss=huber_lr=0.1_n=10,37270489.23142135,0.004868293171061602
0.4328020800081526,"[9, 15, 17, 35, 36, 38, 48, 63, 106, 129, 131, 135]",RF,n=10_depth=None,GB,loss=huber_lr=0.1_n=1000,GB,loss=huber_lr=0.001_n=1000,37538859.261401996,0.0044790988133168496
0.43297425537115275,"[9, 15, 17, 35, 36, 38, 48, 63, 106, 131, 135]",RF,n=10_depth=None,GB,loss=huber_lr=0.1_n=1000,GB,loss=huber_lr=0.1_n=10,37270489.23140314,0.004479911216761461
0.4339181908603843,"[8, 9, 11, 13, 15, 17, 35, 36, 39, 63, 74, 81, 101, 106, 129, 131, 135]",XGB,n=100_depth=256,GB,loss=squared_error_lr=0.1_n=100,GB,loss=huber_lr=0.001_n=1000,37538859.26142021,0.004927402953292213
0.4339181908603843,"[8, 9, 11, 13, 15, 17, 35, 36, 39, 63, 74, 81, 101, 106, 129, 131, 135]",XGB,n=100_depth=32,GB,loss=squared_error_lr=0.1_n=100,GB,loss=huber_lr=0.001_n=1000,37538859.26142021,0.004927402953292213
0.4339181908603843,"[8, 9, 11, 13, 15, 17, 35, 36, 39, 63, 74, 81, 101, 106, 129, 131, 135]",XGB,n=1000_depth=32,GB,loss=squared_error_lr=0.1_n=100,GB,loss=huber_lr=0.001_n=1000,37538859.26142021,0.004927402953292213
0.4339181908603843,"[8, 9, 11, 13, 15, 17, 35, 36, 39, 63, 74, 81, 101, 106, 129, 131, 135]",XGB,n=1000_depth=256,GB,loss=squared_error_lr=0.1_n=100,GB,loss=huber_lr=0.001_n=1000,37538859.26142021,0.004927402953292213
0.4340903662233844,"[8, 9, 11, 13, 15, 17, 35, 36, 39, 63, 74, 81, 101, 106, 131, 135]",XGB,n=100_depth=256,GB,loss=squared_error_lr=0.1_n=100,GB,loss=huber_lr=0.1_n=10,37270489.23142136,0.004928215356736824
0.4340903662233844,"[8, 9, 11, 13, 15, 17, 35, 36, 39, 63, 74, 81, 101, 106, 131, 135]",XGB,n=100_depth=32,GB,loss=squared_error_lr=0.1_n=100,GB,loss=huber_lr=0.1_n=10,37270489.23142136,0.004928215356736824
0.4340903662233844,"[8, 9, 11, 13, 15, 17, 35, 36, 39, 63, 74, 81, 101, 106, 131, 135]",XGB,n=1000_depth=32,GB,loss=squared_error_lr=0.1_n=100,GB,loss=huber_lr=0.1_n=10,37270489.23142136,0.004928215356736824
0.4340903662233844,"[8, 9, 11, 13, 15, 17, 35, 36, 39, 63, 74, 81, 101, 106, 131, 135]",XGB,n=1000_depth=256,GB,loss=squared_error_lr=0.1_n=100,GB,loss=huber_lr=0.1_n=10,37270489.23142136,0.004928215356736824
0.4381081967995004,"[9, 11, 15, 17, 35, 36, 44, 48, 63, 106, 129, 131, 135]",RF,n=10_depth=None,GB,loss=squared_error_lr=0.1_n=100,GB,loss=huber_lr=0.001_n=1000,37538859.26140199,0.004553926788453752
0.4382803721625005,"[9, 11, 15, 17, 35, 36, 44, 48, 63, 106, 131, 135]",RF,n=10_depth=None,GB,loss=squared_error_lr=0.1_n=100,GB,loss=huber_lr=0.1_n=10,37270489.231403135,0.004554739191898362
0.43887379532185994,"[9, 17, 29, 44, 55, 63, 64, 75, 92, 106, 124, 129, 131, 135]",RF,n=10_depth=None,GB,loss=huber_lr=0.001_n=1000,GB,loss=quantile_lr=0.1_n=1000,53155932.68282131,0.0046954783894982925
0.43887379532185994,"[9, 17, 29, 44, 55, 63, 64, 75, 92, 124, 129, 131, 135]",RF,n=10_depth=None,GB,loss=squared_error_lr=0.1_n=10,GB,loss=quantile_lr=0.1_n=1000,53155932.682821296,0.004699353440982468
0.4391630955539308,"[9, 15, 17, 35, 36, 44, 48, 63, 106, 129, 131, 135, 136]",RF,n=10_depth=None,GB,loss=huber_lr=0.1_n=100,GB,loss=huber_lr=0.001_n=1000,37538859.26140198,0.00449400460277853
0.4393352709169309,"[9, 15, 17, 35, 36, 44, 48, 63, 106, 131, 135, 136]",RF,n=10_depth=None,GB,loss=huber_lr=0.1_n=100,GB,loss=huber_lr=0.1_n=10,37270489.23140313,0.00449481700622314
0.43964690362780035,"[9, 33, 39, 44, 55, 63, 64, 75, 92, 101, 106, 124, 131, 135]",XGB,n=100_depth=256,GB,loss=huber_lr=0.001_n=1000,GB,loss=quantile_lr=0.1_n=1000,53155932.68283954,0.005068954554336755
0.43964690362780035,"[9, 33, 39, 44, 55, 63, 64, 75, 92, 101, 106, 124, 131, 135]",XGB,n=100_depth=32,GB,loss=huber_lr=0.001_n=1000,GB,loss=quantile_lr=0.1_n=1000,53155932.68283954,0.005068954554336755
0.43964690362780035,"[9, 33, 39, 44, 55, 63, 64, 75, 92, 101, 106, 124, 131, 135]",XGB,n=1000_depth=32,GB,loss=huber_lr=0.001_n=1000,GB,loss=quantile_lr=0.1_n=1000,53155932.68283954,0.005068954554336755
0.43964690362780035,"[9, 33, 39, 44, 55, 63, 64, 75, 92, 101, 106, 124, 131, 135]",XGB,n=1000_depth=256,GB,loss=huber_lr=0.001_n=1000,GB,loss=quantile_lr=0.1_n=1000,53155932.68283954,0.005068954554336755
0.43964690362780035,"[9, 33, 39, 44, 55, 63, 64, 75, 92, 101, 124, 131, 135]",XGB,n=100_depth=256,GB,loss=squared_error_lr=0.1_n=10,GB,loss=quantile_lr=0.1_n=1000,53155932.68283952,0.005072829605820931
0.43964690362780035,"[9, 33, 39, 44, 55, 63, 64, 75, 92, 101, 124, 131, 135]",XGB,n=100_depth=32,GB,loss=squared_error_lr=0.1_n=10,GB,loss=quantile_lr=0.1_n=1000,53155932.68283952,0.005072829605820931
0.43964690362780035,"[9, 33, 39, 44, 55, 63, 64, 75, 92, 101, 124, 131, 135]",XGB,n=1000_depth=32,GB,loss=squared_error_lr=0.1_n=10,GB,loss=quantile_lr=0.1_n=1000,53155932.68283952,0.005072829605820931
0.43964690362780035,"[9, 33, 39, 44, 55, 63, 64, 75, 92, 101, 124, 131, 135]",XGB,n=1000_depth=256,GB,loss=squared_error_lr=0.1_n=10,GB,loss=quantile_lr=0.1_n=1000,53155932.68283952,0.005072829605820931
0.44183382081253314,"[9, 11, 19, 27, 36, 39, 62, 63, 70, 79, 92, 101, 119, 124, 129, 131, 136]",XGB,n=100_depth=256,GB,loss=huber_lr=0.001_n=1000,GB,loss=huber_lr=0.1_n=1000,39292618.51875678,0.004975270876290768
0.44183382081253314,"[9, 11, 19, 27, 36, 39, 62, 63, 70, 79, 92, 101, 119, 124, 129, 131, 136]",XGB,n=100_depth=32,GB,loss=huber_lr=0.001_n=1000,GB,loss=huber_lr=0.1_n=1000,39292618.51875678,0.004975270876290768
0.44183382081253314,"[9, 11, 19, 27, 36, 39, 62, 63, 70, 79, 92, 101, 119, 124, 129, 131, 136]",XGB,n=1000_depth=32,GB,loss=huber_lr=0.001_n=1000,GB,loss=huber_lr=0.1_n=1000,39292618.51875678,0.004975270876290768
0.44183382081253314,"[9, 11, 19, 27, 36, 39, 62, 63, 70, 79, 92, 101, 119, 124, 129, 131, 136]",XGB,n=1000_depth=256,GB,loss=huber_lr=0.001_n=1000,GB,loss=huber_lr=0.1_n=1000,39292618.51875678,0.004975270876290768
0.44183382081253314,"[9, 11, 19, 27, 36, 39, 62, 63, 70, 79, 92, 101, 119, 124, 129, 131, 136]",XGB,n=100_depth=256,GB,loss=squared_error_lr=0.1_n=10,GB,loss=huber_lr=0.1_n=1000,39292618.518756755,0.004979145927774944
0.44183382081253314,"[9, 11, 19, 27, 36, 39, 62, 63, 70, 79, 92, 101, 119, 124, 129, 131, 136]",XGB,n=100_depth=32,GB,loss=squared_error_lr=0.1_n=10,GB,loss=huber_lr=0.1_n=1000,39292618.518756755,0.004979145927774944
0.44183382081253314,"[9, 11, 19, 27, 36, 39, 62, 63, 70, 79, 92, 101, 119, 124, 129, 131, 136]",XGB,n=1000_depth=32,GB,loss=squared_error_lr=0.1_n=10,GB,loss=huber_lr=0.1_n=1000,39292618.518756755,0.004979145927774944
0.44183382081253314,"[9, 11, 19, 27, 36, 39, 62, 63, 70, 79, 92, 101, 119, 124, 129, 131, 136]",XGB,n=1000_depth=256,GB,loss=squared_error_lr=0.1_n=10,GB,loss=huber_lr=0.1_n=1000,39292618.518756755,0.004979145927774944
0.4432325467272457,"[8, 9, 19, 29, 36, 39, 59, 62, 63, 70, 79, 92, 101, 119, 124, 129, 131, 136]",XGB,n=100_depth=256,GB,loss=huber_lr=0.001_n=1000,GB,loss=huber_lr=0.1_n=100,39393100.377137326,0.004966797146805752
0.4432325467272457,"[8, 9, 19, 29, 36, 39, 59, 62, 63, 70, 79, 92, 101, 119, 124, 129, 131, 136]",XGB,n=100_depth=32,GB,loss=huber_lr=0.001_n=1000,GB,loss=huber_lr=0.1_n=100,39393100.377137326,0.004966797146805752
0.4432325467272457,"[8, 9, 19, 29, 36, 39, 59, 62, 63, 70, 79, 92, 101, 119, 124, 129, 131, 136]",XGB,n=1000_depth=32,GB,loss=huber_lr=0.001_n=1000,GB,loss=huber_lr=0.1_n=100,39393100.377137326,0.004966797146805752
0.4432325467272457,"[8, 9, 19, 29, 36, 39, 59, 62, 63, 70, 79, 92, 101, 119, 124, 129, 131, 136]",XGB,n=1000_depth=256,GB,loss=huber_lr=0.001_n=1000,GB,loss=huber_lr=0.1_n=100,39393100.377137326,0.004966797146805752
0.4432325467272457,"[8, 9, 19, 29, 36, 39, 62, 63, 70, 79, 92, 101, 119, 124, 129, 131, 136]",XGB,n=100_depth=256,GB,loss=squared_error_lr=0.1_n=10,GB,loss=huber_lr=0.1_n=100,39393100.3771373,0.004970672198289928
0.4432325467272457,"[8, 9, 19, 29, 36, 39, 62, 63, 70, 79, 92, 101, 119, 124, 129, 131, 136]",XGB,n=100_depth=32,GB,loss=squared_error_lr=0.1_n=10,GB,loss=huber_lr=0.1_n=100,39393100.3771373,0.004970672198289928
0.4432325467272457,"[8, 9, 19, 29, 36, 39, 62, 63, 70, 79, 92, 101, 119, 124, 129, 131, 136]",XGB,n=1000_depth=32,GB,loss=squared_error_lr=0.1_n=10,GB,loss=huber_lr=0.1_n=100,39393100.3771373,0.004970672198289928
0.4432325467272457,"[8, 9, 19, 29, 36, 39, 62, 63, 70, 79, 92, 101, 119, 124, 129, 131, 136]",XGB,n=1000_depth=256,GB,loss=squared_error_lr=0.1_n=10,GB,loss=huber_lr=0.1_n=100,39393100.3771373,0.004970672198289928
0.449962786010508,"[9, 17, 18, 19, 29, 36, 44, 63, 79, 92, 106, 119, 129, 131]",RF,n=10_depth=None,GB,loss=squared_error_lr=0.1_n=10,GB,loss=huber_lr=0.1_n=100,39393100.37711908,0.004597196033451465
